v3.0 hex words addressed
000: 30 f4 73 4e 00 00 00 00 00 00
00a: 80 14 00 00 00 00 00 00 00
013: 00
014: 30 f0 03 00 00 00 00 00 00 00
01e: 30 f3 02 00 00 00 00 00 00 00
028: 30 f2 00 00 00 00 00 00 00 00
032: 30 f6 01 00 00 00 00 00 00 00
03c: 30 f7 02 00 00 00 00 00 00 00
046: 80 50 00 00 00 00 00 00 00
04f: 90
050: 30 f0 00 00 00 00 00 00 00 00
05a: 30 f3 01 00 00 00 00 00 00 00
064: 60 20
066: 60 00
068: 60 03
06a: 60 62
06c: 30 f1 05 00 00 00 00 00 00 00
076: 61 21
078: 76 50 00 00 00 00 00 00 00
081: 00
